Calc_Ramp_Ex_nm	Calc_Ramp_Rt_nm	Defl_V_Ex	Defl_V_Rt	
0.000000e+00	4.990234e+02	-4.725000e-01	-1.672500e-01	
9.765625e-01	4.980469e+02	-4.740000e-01	-1.818750e-01	
1.953125e+00	4.970703e+02	-4.725000e-01	-2.006250e-01	
2.929688e+00	4.960938e+02	-4.736250e-01	-2.167500e-01	
3.906250e+00	4.951172e+02	-4.717500e-01	-2.358750e-01	
4.882813e+00	4.941406e+02	-4.713750e-01	-2.546250e-01	
5.859375e+00	4.931641e+02	-4.713750e-01	-2.726250e-01	
6.835938e+00	4.921875e+02	-4.713750e-01	-2.925000e-01	
7.812500e+00	4.912109e+02	-4.713750e-01	-3.090000e-01	
8.789063e+00	4.902344e+02	-4.732500e-01	-3.262500e-01	
9.765625e+00	4.892578e+02	-4.706250e-01	-3.431250e-01	
1.074219e+01	4.882813e+02	-4.713750e-01	-3.618750e-01	
1.171875e+01	4.873047e+02	-4.695000e-01	-3.810000e-01	
1.269531e+01	4.863281e+02	-4.713750e-01	-3.971250e-01	
1.367188e+01	4.853516e+02	-4.698750e-01	-4.162500e-01	
1.464844e+01	4.843750e+02	-4.702500e-01	-4.342500e-01	
1.562500e+01	4.833984e+02	-4.732500e-01	-4.548750e-01	
1.660156e+01	4.824219e+02	-4.710000e-01	-4.732500e-01	
1.757813e+01	4.814453e+02	-4.721250e-01	-4.901250e-01	
1.855469e+01	4.804688e+02	-4.717500e-01	-5.081250e-01	
1.953125e+01	4.794922e+02	-4.721250e-01	-5.257500e-01	
2.050781e+01	4.785156e+02	-4.702500e-01	-5.448750e-01	
2.148438e+01	4.775391e+02	-4.725000e-01	-5.632500e-01	
2.246094e+01	4.765625e+02	-4.743750e-01	-5.812500e-01	
2.343750e+01	4.755859e+02	-4.706250e-01	-6.007500e-01	
2.441406e+01	4.746094e+02	-4.698750e-01	-6.191250e-01	
2.539063e+01	4.736328e+02	-4.743750e-01	-6.378750e-01	
2.636719e+01	4.726563e+02	-4.706250e-01	-6.577500e-01	
2.734375e+01	4.716797e+02	-4.717500e-01	-6.757500e-01	
2.832031e+01	4.707031e+02	-4.698750e-01	-6.926250e-01	
2.929688e+01	4.697266e+02	-4.710000e-01	-7.110000e-01	
3.027344e+01	4.687500e+02	-4.710000e-01	-7.282500e-01	
3.125000e+01	4.677734e+02	-4.721250e-01	-7.470000e-01	
3.222656e+01	4.667969e+02	-4.710000e-01	-7.672500e-01	
3.320313e+01	4.658203e+02	-4.736250e-01	-7.863750e-01	
3.417969e+01	4.648438e+02	-4.691250e-01	-8.055000e-01	
3.515625e+01	4.638672e+02	-4.710000e-01	-8.238750e-01	
3.613281e+01	4.628906e+02	-4.736250e-01	-8.437500e-01	
3.710938e+01	4.619141e+02	-4.698750e-01	-8.610000e-01	
3.808594e+01	4.609375e+02	-4.713750e-01	-8.782500e-01	
3.906250e+01	4.599609e+02	-4.717500e-01	-8.962500e-01	
4.003906e+01	4.589844e+02	-4.710000e-01	-9.153750e-01	
4.101563e+01	4.580078e+02	-4.710000e-01	-9.345000e-01	
4.199219e+01	4.570313e+02	-4.721250e-01	-9.528750e-01	
4.296875e+01	4.560547e+02	-4.706250e-01	-9.720000e-01	
4.394531e+01	4.550781e+02	-4.695000e-01	-9.911250e-01	
4.492188e+01	4.541016e+02	-4.717500e-01	-1.010625e+00	
4.589844e+01	4.531250e+02	-4.698750e-01	-1.030125e+00	
4.687500e+01	4.521484e+02	-4.713750e-01	-1.048500e+00	
4.785156e+01	4.511719e+02	-4.728750e-01	-1.065375e+00	
4.882813e+01	4.501953e+02	-4.751250e-01	-1.082625e+00	
4.980469e+01	4.492188e+02	-4.713750e-01	-1.100250e+00	
5.078125e+01	4.482422e+02	-4.717500e-01	-1.119750e+00	
5.175781e+01	4.472656e+02	-4.736250e-01	-1.137750e+00	
5.273438e+01	4.462891e+02	-4.732500e-01	-1.156875e+00	
5.371094e+01	4.453125e+02	-4.740000e-01	-1.176375e+00	
5.468750e+01	4.443359e+02	-4.710000e-01	-1.195125e+00	
5.566406e+01	4.433594e+02	-4.736250e-01	-1.213500e+00	
5.664063e+01	4.423828e+02	-4.721250e-01	-1.230375e+00	
5.761719e+01	4.414063e+02	-4.740000e-01	-1.248375e+00	
5.859375e+01	4.404297e+02	-4.740000e-01	-1.266000e+00	
5.957031e+01	4.394531e+02	-4.743750e-01	-1.284000e+00	
6.054688e+01	4.384766e+02	-4.740000e-01	-1.303125e+00	
6.152344e+01	4.375000e+02	-4.695000e-01	-1.320375e+00	
6.250000e+01	4.365234e+02	-4.725000e-01	-1.340250e+00	
6.347656e+01	4.355469e+02	-4.736250e-01	-1.358625e+00	
6.445313e+01	4.345703e+02	-4.710000e-01	-1.377750e+00	
6.542969e+01	4.335938e+02	-4.695000e-01	-1.397625e+00	
6.640625e+01	4.326172e+02	-4.710000e-01	-1.415625e+00	
6.738281e+01	4.316406e+02	-4.725000e-01	-1.433250e+00	
6.835938e+01	4.306641e+02	-4.691250e-01	-1.451250e+00	
6.933594e+01	4.296875e+02	-4.698750e-01	-1.468500e+00	
7.031250e+01	4.287109e+02	-4.698750e-01	-1.485750e+00	
7.128906e+01	4.277344e+02	-4.717500e-01	-1.504500e+00	
7.226563e+01	4.267578e+02	-4.732500e-01	-1.524000e+00	
7.324219e+01	4.257813e+02	-4.713750e-01	-1.543125e+00	
7.421875e+01	4.248047e+02	-4.717500e-01	-1.563750e+00	
7.519531e+01	4.238281e+02	-4.702500e-01	-1.584000e+00	
7.617188e+01	4.228516e+02	-4.706250e-01	-1.602000e+00	
7.714844e+01	4.218750e+02	-4.706250e-01	-1.620375e+00	
7.812500e+01	4.208984e+02	-4.725000e-01	-1.637250e+00	
7.910156e+01	4.199219e+02	-4.706250e-01	-1.657125e+00	
8.007813e+01	4.189453e+02	-4.728750e-01	-1.675500e+00	
8.105469e+01	4.179688e+02	-4.717500e-01	-1.693875e+00	
8.203125e+01	4.169922e+02	-4.717500e-01	-1.714500e+00	
8.300781e+01	4.160156e+02	-4.706250e-01	-1.733625e+00	
8.398438e+01	4.150391e+02	-4.740000e-01	-1.753875e+00	
8.496094e+01	4.140625e+02	-4.698750e-01	-1.774125e+00	
8.593750e+01	4.130859e+02	-4.695000e-01	-1.792125e+00	
8.691406e+01	4.121094e+02	-4.672500e-01	-1.811250e+00	
8.789063e+01	4.111328e+02	-4.695000e-01	-1.828500e+00	
8.886719e+01	4.101563e+02	-4.687500e-01	-1.846875e+00	
8.984375e+01	4.091797e+02	-4.710000e-01	-1.865625e+00	
9.082031e+01	4.082031e+02	-4.713750e-01	-1.884375e+00	
9.179688e+01	4.072266e+02	-4.725000e-01	-1.903500e+00	
9.277344e+01	4.062500e+02	-4.728750e-01	-1.922250e+00	
9.375000e+01	4.052734e+02	-4.710000e-01	-1.940250e+00	
9.472656e+01	4.042969e+02	-4.687500e-01	-1.958250e+00	
9.570313e+01	4.033203e+02	-4.721250e-01	-1.976250e+00	
9.667969e+01	4.023438e+02	-4.736250e-01	-1.993875e+00	
9.765625e+01	4.013672e+02	-4.728750e-01	-2.010750e+00	
9.863281e+01	4.003906e+02	-4.695000e-01	-2.028375e+00	
9.960938e+01	3.994141e+02	-4.706250e-01	-2.045625e+00	
1.005859e+02	3.984375e+02	-4.695000e-01	-2.064375e+00	
1.015625e+02	3.974609e+02	-4.710000e-01	-2.082000e+00	
1.025391e+02	3.964844e+02	-4.710000e-01	-2.100000e+00	
1.035156e+02	3.955078e+02	-4.710000e-01	-2.118750e+00	
1.044922e+02	3.945313e+02	-4.683750e-01	-2.136750e+00	
1.054688e+02	3.935547e+02	-4.683750e-01	-2.154000e+00	
1.064453e+02	3.925781e+02	-4.728750e-01	-2.170875e+00	
1.074219e+02	3.916016e+02	-4.698750e-01	-2.188500e+00	
1.083984e+02	3.906250e+02	-4.706250e-01	-2.206500e+00	
1.093750e+02	3.896484e+02	-4.698750e-01	-2.223375e+00	
1.103516e+02	3.886719e+02	-4.725000e-01	-2.241750e+00	
1.113281e+02	3.876953e+02	-4.717500e-01	-2.261250e+00	
1.123047e+02	3.867188e+02	-4.683750e-01	-2.279250e+00	
1.132813e+02	3.857422e+02	-4.687500e-01	-2.297250e+00	
1.142578e+02	3.847656e+02	-4.695000e-01	-2.314500e+00	
1.152344e+02	3.837891e+02	-4.687500e-01	-2.332500e+00	
1.162109e+02	3.828125e+02	-4.695000e-01	-2.351250e+00	
1.171875e+02	3.818359e+02	-4.698750e-01	-2.370375e+00	
1.181641e+02	3.808594e+02	-4.706250e-01	-2.389500e+00	
1.191406e+02	3.798828e+02	-4.706250e-01	-2.407125e+00	
1.201172e+02	3.789063e+02	-4.725000e-01	-2.425125e+00	
1.210938e+02	3.779297e+02	-4.702500e-01	-2.443875e+00	
1.220703e+02	3.769531e+02	-4.668750e-01	-2.461125e+00	
1.230469e+02	3.759766e+02	-4.717500e-01	-2.480250e+00	
1.240234e+02	3.750000e+02	-4.725000e-01	-2.499375e+00	
1.250000e+02	3.740234e+02	-4.698750e-01	-2.517000e+00	
1.259766e+02	3.730469e+02	-4.691250e-01	-2.536125e+00	
1.269531e+02	3.720703e+02	-4.683750e-01	-2.553000e+00	
1.279297e+02	3.710938e+02	-4.706250e-01	-2.571000e+00	
1.289063e+02	3.701172e+02	-4.736250e-01	-2.587125e+00	
1.298828e+02	3.691406e+02	-4.710000e-01	-2.604000e+00	
1.308594e+02	3.681641e+02	-4.710000e-01	-2.624250e+00	
1.318359e+02	3.671875e+02	-4.706250e-01	-2.639250e+00	
1.328125e+02	3.662109e+02	-4.717500e-01	-1.247250e+00	
1.337891e+02	3.652344e+02	-4.725000e-01	-4.792500e-01	
1.347656e+02	3.642578e+02	-4.706250e-01	-4.732500e-01	
1.357422e+02	3.632813e+02	-4.717500e-01	-4.755000e-01	
1.367188e+02	3.623047e+02	-4.706250e-01	-4.743750e-01	
1.376953e+02	3.613281e+02	-4.728750e-01	-4.743750e-01	
1.386719e+02	3.603516e+02	-4.751250e-01	-4.751250e-01	
1.396484e+02	3.593750e+02	-4.728750e-01	-4.728750e-01	
1.406250e+02	3.583984e+02	-4.736250e-01	-4.770000e-01	
1.416016e+02	3.574219e+02	-4.740000e-01	-4.732500e-01	
1.425781e+02	3.564453e+02	-4.732500e-01	-4.736250e-01	
1.435547e+02	3.554688e+02	-4.725000e-01	-4.751250e-01	
1.445313e+02	3.544922e+02	-4.725000e-01	-4.725000e-01	
1.455078e+02	3.535156e+02	-4.717500e-01	-4.721250e-01	
1.464844e+02	3.525391e+02	-4.706250e-01	-4.728750e-01	
1.474609e+02	3.515625e+02	-4.710000e-01	-4.713750e-01	
1.484375e+02	3.505859e+02	-4.721250e-01	-4.747500e-01	
1.494141e+02	3.496094e+02	-4.713750e-01	-4.728750e-01	
1.503906e+02	3.486328e+02	-4.725000e-01	-4.740000e-01	
1.513672e+02	3.476563e+02	-4.728750e-01	-4.732500e-01	
1.523438e+02	3.466797e+02	-4.698750e-01	-4.751250e-01	
1.533203e+02	3.457031e+02	-4.713750e-01	-4.721250e-01	
1.542969e+02	3.447266e+02	-4.672500e-01	-4.732500e-01	
1.552734e+02	3.437500e+02	-4.717500e-01	-4.747500e-01	
1.562500e+02	3.427734e+02	-4.713750e-01	-4.728750e-01	
1.572266e+02	3.417969e+02	-4.717500e-01	-4.755000e-01	
1.582031e+02	3.408203e+02	-4.687500e-01	-4.751250e-01	
1.591797e+02	3.398438e+02	-4.710000e-01	-4.725000e-01	
1.601563e+02	3.388672e+02	-4.680000e-01	-4.743750e-01	
1.611328e+02	3.378906e+02	-4.710000e-01	-4.758750e-01	
1.621094e+02	3.369141e+02	-4.713750e-01	-4.740000e-01	
1.630859e+02	3.359375e+02	-4.702500e-01	-4.762500e-01	
1.640625e+02	3.349609e+02	-4.683750e-01	-4.721250e-01	
1.650391e+02	3.339844e+02	-4.728750e-01	-4.736250e-01	
1.660156e+02	3.330078e+02	-4.710000e-01	-4.728750e-01	
1.669922e+02	3.320313e+02	-4.710000e-01	-4.751250e-01	
1.679688e+02	3.310547e+02	-4.706250e-01	-4.710000e-01	
1.689453e+02	3.300781e+02	-4.713750e-01	-4.721250e-01	
1.699219e+02	3.291016e+02	-4.698750e-01	-4.740000e-01	
1.708984e+02	3.281250e+02	-4.713750e-01	-4.758750e-01	
1.718750e+02	3.271484e+02	-4.702500e-01	-4.706250e-01	
1.728516e+02	3.261719e+02	-4.702500e-01	-4.732500e-01	
1.738281e+02	3.251953e+02	-4.706250e-01	-4.740000e-01	
1.748047e+02	3.242188e+02	-4.702500e-01	-4.717500e-01	
1.757813e+02	3.232422e+02	-4.698750e-01	-4.717500e-01	
1.767578e+02	3.222656e+02	-4.728750e-01	-4.747500e-01	
1.777344e+02	3.212891e+02	-4.736250e-01	-4.728750e-01	
1.787109e+02	3.203125e+02	-4.740000e-01	-4.710000e-01	
1.796875e+02	3.193359e+02	-4.736250e-01	-4.732500e-01	
1.806641e+02	3.183594e+02	-4.725000e-01	-4.732500e-01	
1.816406e+02	3.173828e+02	-4.732500e-01	-4.721250e-01	
1.826172e+02	3.164063e+02	-4.725000e-01	-4.717500e-01	
1.835938e+02	3.154297e+02	-4.717500e-01	-4.743750e-01	
1.845703e+02	3.144531e+02	-4.732500e-01	-4.725000e-01	
1.855469e+02	3.134766e+02	-4.728750e-01	-4.732500e-01	
1.865234e+02	3.125000e+02	-4.691250e-01	-4.721250e-01	
1.875000e+02	3.115234e+02	-4.710000e-01	-4.710000e-01	
1.884766e+02	3.105469e+02	-4.698750e-01	-4.725000e-01	
1.894531e+02	3.095703e+02	-4.728750e-01	-4.725000e-01	
1.904297e+02	3.085938e+02	-4.721250e-01	-4.717500e-01	
1.914063e+02	3.076172e+02	-4.691250e-01	-4.728750e-01	
1.923828e+02	3.066406e+02	-4.680000e-01	-4.713750e-01	
1.933594e+02	3.056641e+02	-4.710000e-01	-4.721250e-01	
1.943359e+02	3.046875e+02	-4.710000e-01	-4.691250e-01	
1.953125e+02	3.037109e+02	-4.695000e-01	-4.713750e-01	
1.962891e+02	3.027344e+02	-4.710000e-01	-4.710000e-01	
1.972656e+02	3.017578e+02	-4.691250e-01	-4.680000e-01	
1.982422e+02	3.007813e+02	-4.706250e-01	-4.695000e-01	
1.992188e+02	2.998047e+02	-4.691250e-01	-4.736250e-01	
2.001953e+02	2.988281e+02	-4.706250e-01	-4.695000e-01	
2.011719e+02	2.978516e+02	-4.702500e-01	-4.706250e-01	
2.021484e+02	2.968750e+02	-4.706250e-01	-4.695000e-01	
2.031250e+02	2.958984e+02	-4.732500e-01	-4.717500e-01	
2.041016e+02	2.949219e+02	-4.680000e-01	-4.713750e-01	
2.050781e+02	2.939453e+02	-4.683750e-01	-4.725000e-01	
2.060547e+02	2.929688e+02	-4.687500e-01	-4.710000e-01	
2.070313e+02	2.919922e+02	-4.706250e-01	-4.702500e-01	
2.080078e+02	2.910156e+02	-4.702500e-01	-4.687500e-01	
2.089844e+02	2.900391e+02	-4.691250e-01	-4.706250e-01	
2.099609e+02	2.890625e+02	-4.691250e-01	-4.695000e-01	
2.109375e+02	2.880859e+02	-4.702500e-01	-4.706250e-01	
2.119141e+02	2.871094e+02	-4.680000e-01	-4.717500e-01	
2.128906e+02	2.861328e+02	-4.710000e-01	-4.691250e-01	
2.138672e+02	2.851563e+02	-4.736250e-01	-4.728750e-01	
2.148438e+02	2.841797e+02	-4.702500e-01	-4.717500e-01	
2.158203e+02	2.832031e+02	-4.706250e-01	-4.736250e-01	
2.167969e+02	2.822266e+02	-4.725000e-01	-4.710000e-01	
2.177734e+02	2.812500e+02	-4.695000e-01	-4.680000e-01	
2.187500e+02	2.802734e+02	-4.728750e-01	-4.691250e-01	
2.197266e+02	2.792969e+02	-4.695000e-01	-4.710000e-01	
2.207031e+02	2.783203e+02	-4.713750e-01	-4.725000e-01	
2.216797e+02	2.773438e+02	-4.710000e-01	-4.702500e-01	
2.226563e+02	2.763672e+02	-4.755000e-01	-4.691250e-01	
2.236328e+02	2.753906e+02	-4.736250e-01	-4.695000e-01	
2.246094e+02	2.744141e+02	-4.676250e-01	-4.698750e-01	
2.255859e+02	2.734375e+02	-4.740000e-01	-4.698750e-01	
2.265625e+02	2.724609e+02	-4.736250e-01	-4.717500e-01	
2.275391e+02	2.714844e+02	-4.713750e-01	-4.695000e-01	
2.285156e+02	2.705078e+02	-4.725000e-01	-4.728750e-01	
2.294922e+02	2.695313e+02	-4.680000e-01	-4.691250e-01	
2.304688e+02	2.685547e+02	-4.683750e-01	-4.702500e-01	
2.314453e+02	2.675781e+02	-4.691250e-01	-4.713750e-01	
2.324219e+02	2.666016e+02	-4.717500e-01	-4.721250e-01	
2.333984e+02	2.656250e+02	-4.695000e-01	-4.725000e-01	
2.343750e+02	2.646484e+02	-4.728750e-01	-4.695000e-01	
2.353516e+02	2.636719e+02	-4.736250e-01	-4.695000e-01	
2.363281e+02	2.626953e+02	-4.691250e-01	-4.680000e-01	
2.373047e+02	2.617188e+02	-4.713750e-01	-4.717500e-01	
2.382813e+02	2.607422e+02	-4.728750e-01	-4.706250e-01	
2.392578e+02	2.597656e+02	-4.736250e-01	-4.725000e-01	
2.402344e+02	2.587891e+02	-4.710000e-01	-4.680000e-01	
2.412109e+02	2.578125e+02	-4.747500e-01	-4.717500e-01	
2.421875e+02	2.568359e+02	-4.721250e-01	-4.691250e-01	
2.431641e+02	2.558594e+02	-4.732500e-01	-4.695000e-01	
2.441406e+02	2.548828e+02	-4.736250e-01	-4.747500e-01	
2.451172e+02	2.539063e+02	-4.710000e-01	-4.680000e-01	
2.460938e+02	2.529297e+02	-4.743750e-01	-4.695000e-01	
2.470703e+02	2.519531e+02	-4.717500e-01	-4.706250e-01	
2.480469e+02	2.509766e+02	-4.683750e-01	-4.710000e-01	
2.490234e+02	2.500000e+02	-4.710000e-01	-4.691250e-01	
2.500000e+02	2.490234e+02	-4.736250e-01	-4.672500e-01	
2.509766e+02	2.480469e+02	-4.713750e-01	-4.680000e-01	
2.519531e+02	2.470703e+02	-4.728750e-01	-4.683750e-01	
2.529297e+02	2.460938e+02	-4.721250e-01	-4.710000e-01	
2.539063e+02	2.451172e+02	-4.717500e-01	-4.702500e-01	
2.548828e+02	2.441406e+02	-4.710000e-01	-4.672500e-01	
2.558594e+02	2.431641e+02	-4.702500e-01	-4.680000e-01	
2.568359e+02	2.421875e+02	-4.706250e-01	-4.706250e-01	
2.578125e+02	2.412109e+02	-4.683750e-01	-4.680000e-01	
2.587891e+02	2.402344e+02	-4.740000e-01	-4.657500e-01	
2.597656e+02	2.392578e+02	-4.702500e-01	-4.698750e-01	
2.607422e+02	2.382813e+02	-4.751250e-01	-4.706250e-01	
2.617188e+02	2.373047e+02	-4.695000e-01	-4.687500e-01	
2.626953e+02	2.363281e+02	-4.728750e-01	-4.698750e-01	
2.636719e+02	2.353516e+02	-4.713750e-01	-4.665000e-01	
2.646484e+02	2.343750e+02	-4.702500e-01	-4.665000e-01	
2.656250e+02	2.333984e+02	-4.687500e-01	-4.717500e-01	
2.666016e+02	2.324219e+02	-4.665000e-01	-4.702500e-01	
2.675781e+02	2.314453e+02	-4.672500e-01	-4.676250e-01	
2.685547e+02	2.304688e+02	-4.691250e-01	-4.668750e-01	
2.695313e+02	2.294922e+02	-4.680000e-01	-4.691250e-01	
2.705078e+02	2.285156e+02	-4.695000e-01	-4.676250e-01	
2.714844e+02	2.275391e+02	-4.683750e-01	-4.691250e-01	
2.724609e+02	2.265625e+02	-4.702500e-01	-4.691250e-01	
2.734375e+02	2.255859e+02	-4.702500e-01	-4.717500e-01	
2.744141e+02	2.246094e+02	-4.710000e-01	-4.698750e-01	
2.753906e+02	2.236328e+02	-4.687500e-01	-4.680000e-01	
2.763672e+02	2.226563e+02	-4.698750e-01	-4.650000e-01	
2.773438e+02	2.216797e+02	-4.702500e-01	-4.661250e-01	
2.783203e+02	2.207031e+02	-4.706250e-01	-4.680000e-01	
2.792969e+02	2.197266e+02	-4.683750e-01	-4.668750e-01	
2.802734e+02	2.187500e+02	-4.713750e-01	-4.676250e-01	
2.812500e+02	2.177734e+02	-4.706250e-01	-4.668750e-01	
2.822266e+02	2.167969e+02	-4.732500e-01	-4.676250e-01	
2.832031e+02	2.158203e+02	-4.710000e-01	-4.661250e-01	
2.841797e+02	2.148438e+02	-4.710000e-01	-4.642500e-01	
2.851563e+02	2.138672e+02	-4.747500e-01	-4.680000e-01	
2.861328e+02	2.128906e+02	-4.713750e-01	-4.668750e-01	
2.871094e+02	2.119141e+02	-4.687500e-01	-4.691250e-01	
2.880859e+02	2.109375e+02	-4.698750e-01	-4.676250e-01	
2.890625e+02	2.099609e+02	-4.702500e-01	-4.668750e-01	
2.900391e+02	2.089844e+02	-4.698750e-01	-4.680000e-01	
2.910156e+02	2.080078e+02	-4.743750e-01	-4.657500e-01	
2.919922e+02	2.070313e+02	-4.695000e-01	-4.661250e-01	
2.929688e+02	2.060547e+02	-4.713750e-01	-4.676250e-01	
2.939453e+02	2.050781e+02	-4.732500e-01	-4.706250e-01	
2.949219e+02	2.041016e+02	-4.680000e-01	-4.695000e-01	
2.958984e+02	2.031250e+02	-4.721250e-01	-4.687500e-01	
2.968750e+02	2.021484e+02	-4.683750e-01	-4.691250e-01	
2.978516e+02	2.011719e+02	-4.683750e-01	-4.695000e-01	
2.988281e+02	2.001953e+02	-4.661250e-01	-4.680000e-01	
2.998047e+02	1.992188e+02	-4.691250e-01	-4.710000e-01	
3.007813e+02	1.982422e+02	-4.721250e-01	-4.668750e-01	
3.017578e+02	1.972656e+02	-4.721250e-01	-4.676250e-01	
3.027344e+02	1.962891e+02	-4.680000e-01	-4.687500e-01	
3.037109e+02	1.953125e+02	-4.687500e-01	-4.713750e-01	
3.046875e+02	1.943359e+02	-4.710000e-01	-4.676250e-01	
3.056641e+02	1.933594e+02	-4.706250e-01	-4.680000e-01	
3.066406e+02	1.923828e+02	-4.713750e-01	-4.695000e-01	
3.076172e+02	1.914063e+02	-4.713750e-01	-4.680000e-01	
3.085938e+02	1.904297e+02	-4.710000e-01	-4.680000e-01	
3.095703e+02	1.894531e+02	-4.706250e-01	-4.680000e-01	
3.105469e+02	1.884766e+02	-4.680000e-01	-4.680000e-01	
3.115234e+02	1.875000e+02	-4.710000e-01	-4.713750e-01	
3.125000e+02	1.865234e+02	-4.687500e-01	-4.687500e-01	
3.134766e+02	1.855469e+02	-4.691250e-01	-4.680000e-01	
3.144531e+02	1.845703e+02	-4.702500e-01	-4.680000e-01	
3.154297e+02	1.835938e+02	-4.695000e-01	-4.627500e-01	
3.164063e+02	1.826172e+02	-4.687500e-01	-4.680000e-01	
3.173828e+02	1.816406e+02	-4.680000e-01	-4.683750e-01	
3.183594e+02	1.806641e+02	-4.683750e-01	-4.691250e-01	
3.193359e+02	1.796875e+02	-4.687500e-01	-4.683750e-01	
3.203125e+02	1.787109e+02	-4.702500e-01	-4.695000e-01	
3.212891e+02	1.777344e+02	-4.691250e-01	-4.695000e-01	
3.222656e+02	1.767578e+02	-4.676250e-01	-4.650000e-01	
3.232422e+02	1.757813e+02	-4.695000e-01	-4.687500e-01	
3.242188e+02	1.748047e+02	-4.672500e-01	-4.676250e-01	
3.251953e+02	1.738281e+02	-4.691250e-01	-4.680000e-01	
3.261719e+02	1.728516e+02	-4.687500e-01	-4.676250e-01	
3.271484e+02	1.718750e+02	-4.683750e-01	-4.680000e-01	
3.281250e+02	1.708984e+02	-4.672500e-01	-4.680000e-01	
3.291016e+02	1.699219e+02	-4.672500e-01	-4.676250e-01	
3.300781e+02	1.689453e+02	-4.676250e-01	-4.680000e-01	
3.310547e+02	1.679688e+02	-4.676250e-01	-4.650000e-01	
3.320313e+02	1.669922e+02	-4.680000e-01	-4.680000e-01	
3.330078e+02	1.660156e+02	-4.668750e-01	-4.691250e-01	
3.339844e+02	1.650391e+02	-4.687500e-01	-4.646250e-01	
3.349609e+02	1.640625e+02	-4.687500e-01	-4.646250e-01	
3.359375e+02	1.630859e+02	-4.680000e-01	-4.665000e-01	
3.369141e+02	1.621094e+02	-4.672500e-01	-4.683750e-01	
3.378906e+02	1.611328e+02	-4.687500e-01	-4.683750e-01	
3.388672e+02	1.601563e+02	-4.650000e-01	-4.680000e-01	
3.398438e+02	1.591797e+02	-4.676250e-01	-4.676250e-01	
3.408203e+02	1.582031e+02	-4.687500e-01	-4.698750e-01	
3.417969e+02	1.572266e+02	-4.687500e-01	-4.680000e-01	
3.427734e+02	1.562500e+02	-4.683750e-01	-4.680000e-01	
3.437500e+02	1.552734e+02	-4.672500e-01	-4.676250e-01	
3.447266e+02	1.542969e+02	-4.680000e-01	-4.657500e-01	
3.457031e+02	1.533203e+02	-4.665000e-01	-4.680000e-01	
3.466797e+02	1.523438e+02	-4.691250e-01	-4.680000e-01	
3.476563e+02	1.513672e+02	-4.680000e-01	-4.691250e-01	
3.486328e+02	1.503906e+02	-4.661250e-01	-4.691250e-01	
3.496094e+02	1.494141e+02	-4.695000e-01	-4.687500e-01	
3.505859e+02	1.484375e+02	-4.680000e-01	-4.676250e-01	
3.515625e+02	1.474609e+02	-4.713750e-01	-4.683750e-01	
3.525391e+02	1.464844e+02	-4.691250e-01	-4.668750e-01	
3.535156e+02	1.455078e+02	-4.691250e-01	-4.657500e-01	
3.544922e+02	1.445313e+02	-4.702500e-01	-4.698750e-01	
3.554688e+02	1.435547e+02	-4.683750e-01	-4.680000e-01	
3.564453e+02	1.425781e+02	-4.672500e-01	-4.665000e-01	
3.574219e+02	1.416016e+02	-4.680000e-01	-4.665000e-01	
3.583984e+02	1.406250e+02	-4.687500e-01	-4.687500e-01	
3.593750e+02	1.396484e+02	-4.676250e-01	-4.665000e-01	
3.603516e+02	1.386719e+02	-4.702500e-01	-4.661250e-01	
3.613281e+02	1.376953e+02	-4.668750e-01	-4.653750e-01	
3.623047e+02	1.367188e+02	-4.698750e-01	-4.661250e-01	
3.632813e+02	1.357422e+02	-4.702500e-01	-4.668750e-01	
3.642578e+02	1.347656e+02	-4.710000e-01	-4.653750e-01	
3.652344e+02	1.337891e+02	-4.710000e-01	-4.657500e-01	
3.662109e+02	1.328125e+02	-4.691250e-01	-4.680000e-01	
3.671875e+02	1.318359e+02	-4.702500e-01	-4.672500e-01	
3.681641e+02	1.308594e+02	-4.665000e-01	-4.676250e-01	
3.691406e+02	1.298828e+02	-4.646250e-01	-4.623750e-01	
3.701172e+02	1.289063e+02	-4.680000e-01	-4.672500e-01	
3.710938e+02	1.279297e+02	-4.695000e-01	-4.653750e-01	
3.720703e+02	1.269531e+02	-4.691250e-01	-4.665000e-01	
3.730469e+02	1.259766e+02	-4.676250e-01	-4.642500e-01	
3.740234e+02	1.250000e+02	-4.687500e-01	-4.668750e-01	
3.750000e+02	1.240234e+02	-4.668750e-01	-4.665000e-01	
3.759766e+02	1.230469e+02	-4.702500e-01	-4.683750e-01	
3.769531e+02	1.220703e+02	-4.687500e-01	-4.646250e-01	
3.779297e+02	1.210938e+02	-4.691250e-01	-4.683750e-01	
3.789063e+02	1.201172e+02	-4.698750e-01	-4.638750e-01	
3.798828e+02	1.191406e+02	-4.717500e-01	-4.672500e-01	
3.808594e+02	1.181641e+02	-4.680000e-01	-4.646250e-01	
3.818359e+02	1.171875e+02	-4.680000e-01	-4.676250e-01	
3.828125e+02	1.162109e+02	-4.680000e-01	-4.680000e-01	
3.837891e+02	1.152344e+02	-4.672500e-01	-4.653750e-01	
3.847656e+02	1.142578e+02	-4.695000e-01	-4.668750e-01	
3.857422e+02	1.132813e+02	-4.665000e-01	-4.665000e-01	
3.867188e+02	1.123047e+02	-4.620000e-01	-4.653750e-01	
3.876953e+02	1.113281e+02	-4.672500e-01	-4.691250e-01	
3.886719e+02	1.103516e+02	-4.657500e-01	-4.676250e-01	
3.896484e+02	1.093750e+02	-4.676250e-01	-4.665000e-01	
3.906250e+02	1.083984e+02	-4.650000e-01	-4.646250e-01	
3.916016e+02	1.074219e+02	-4.653750e-01	-4.668750e-01	
3.925781e+02	1.064453e+02	-4.642500e-01	-4.672500e-01	
3.935547e+02	1.054688e+02	-4.680000e-01	-4.657500e-01	
3.945313e+02	1.044922e+02	-4.668750e-01	-4.683750e-01	
3.955078e+02	1.035156e+02	-4.680000e-01	-4.661250e-01	
3.964844e+02	1.025391e+02	-4.668750e-01	-4.680000e-01	
3.974609e+02	1.015625e+02	-4.676250e-01	-4.653750e-01	
3.984375e+02	1.005859e+02	-4.668750e-01	-4.680000e-01	
3.994141e+02	9.960938e+01	-4.635000e-01	-4.665000e-01	
4.003906e+02	9.863281e+01	-4.653750e-01	-4.691250e-01	
4.013672e+02	9.765625e+01	-4.680000e-01	-4.672500e-01	
4.023438e+02	9.667969e+01	-4.680000e-01	-4.672500e-01	
4.033203e+02	9.570313e+01	-4.698750e-01	-4.687500e-01	
4.042969e+02	9.472656e+01	-4.657500e-01	-4.676250e-01	
4.052734e+02	9.375000e+01	-4.691250e-01	-4.680000e-01	
4.062500e+02	9.277344e+01	-4.687500e-01	-4.661250e-01	
4.072266e+02	9.179688e+01	-4.683750e-01	-4.683750e-01	
4.082031e+02	9.082031e+01	-4.680000e-01	-4.672500e-01	
4.091797e+02	8.984375e+01	-4.672500e-01	-4.661250e-01	
4.101563e+02	8.886719e+01	-4.680000e-01	-4.646250e-01	
4.111328e+02	8.789063e+01	-4.676250e-01	-4.683750e-01	
4.121094e+02	8.691406e+01	-4.665000e-01	-4.687500e-01	
4.130859e+02	8.593750e+01	-4.650000e-01	-4.676250e-01	
4.140625e+02	8.496094e+01	-4.672500e-01	-4.687500e-01	
4.150391e+02	8.398438e+01	-4.676250e-01	-4.691250e-01	
4.160156e+02	8.300781e+01	-4.676250e-01	-4.698750e-01	
4.169922e+02	8.203125e+01	-4.672500e-01	-4.672500e-01	
4.179688e+02	8.105469e+01	-4.661250e-01	-4.680000e-01	
4.189453e+02	8.007813e+01	-4.638750e-01	-4.653750e-01	
4.199219e+02	7.910156e+01	-4.676250e-01	-4.665000e-01	
4.208984e+02	7.812500e+01	-4.657500e-01	-4.683750e-01	
4.218750e+02	7.714844e+01	-4.680000e-01	-4.680000e-01	
4.228516e+02	7.617188e+01	-4.646250e-01	-4.710000e-01	
4.238281e+02	7.519531e+01	-4.680000e-01	-4.691250e-01	
4.248047e+02	7.421875e+01	-4.676250e-01	-4.650000e-01	
4.257813e+02	7.324219e+01	-4.676250e-01	-4.672500e-01	
4.267578e+02	7.226563e+01	-4.672500e-01	-4.687500e-01	
4.277344e+02	7.128906e+01	-4.683750e-01	-4.650000e-01	
4.287109e+02	7.031250e+01	-4.706250e-01	-4.657500e-01	
4.296875e+02	6.933594e+01	-4.657500e-01	-4.676250e-01	
4.306641e+02	6.835938e+01	-4.661250e-01	-4.672500e-01	
4.316406e+02	6.738281e+01	-4.646250e-01	-4.672500e-01	
4.326172e+02	6.640625e+01	-4.642500e-01	-4.665000e-01	
4.335938e+02	6.542969e+01	-4.620000e-01	-4.680000e-01	
4.345703e+02	6.445313e+01	-4.702500e-01	-4.702500e-01	
4.355469e+02	6.347656e+01	-4.661250e-01	-4.713750e-01	
4.365234e+02	6.250000e+01	-4.638750e-01	-4.680000e-01	
4.375000e+02	6.152344e+01	-4.650000e-01	-4.702500e-01	
4.384766e+02	6.054688e+01	-4.646250e-01	-4.710000e-01	
4.394531e+02	5.957031e+01	-4.635000e-01	-4.691250e-01	
4.404297e+02	5.859375e+01	-4.653750e-01	-4.687500e-01	
4.414063e+02	5.761719e+01	-4.665000e-01	-4.706250e-01	
4.423828e+02	5.664063e+01	-4.638750e-01	-4.710000e-01	
4.433594e+02	5.566406e+01	-4.650000e-01	-4.702500e-01	
4.443359e+02	5.468750e+01	-4.657500e-01	-4.676250e-01	
4.453125e+02	5.371094e+01	-4.650000e-01	-4.680000e-01	
4.462891e+02	5.273438e+01	-4.638750e-01	-4.683750e-01	
4.472656e+02	5.175781e+01	-4.642500e-01	-4.683750e-01	
4.482422e+02	5.078125e+01	-4.642500e-01	-4.680000e-01	
4.492188e+02	4.980469e+01	-4.638750e-01	-4.683750e-01	
4.501953e+02	4.882813e+01	-4.672500e-01	-4.683750e-01	
4.511719e+02	4.785156e+01	-4.680000e-01	-4.676250e-01	
4.521484e+02	4.687500e+01	-4.631250e-01	-4.672500e-01	
4.531250e+02	4.589844e+01	-4.627500e-01	-4.683750e-01	
4.541016e+02	4.492188e+01	-4.635000e-01	-4.695000e-01	
4.550781e+02	4.394531e+01	-4.646250e-01	-4.668750e-01	
4.560547e+02	4.296875e+01	-4.665000e-01	-4.706250e-01	
4.570313e+02	4.199219e+01	-4.627500e-01	-4.680000e-01	
4.580078e+02	4.101563e+01	-4.627500e-01	-4.695000e-01	
4.589844e+02	4.003906e+01	-4.623750e-01	-4.680000e-01	
4.599609e+02	3.906250e+01	-4.668750e-01	-4.706250e-01	
4.609375e+02	3.808594e+01	-4.646250e-01	-4.691250e-01	
4.619141e+02	3.710938e+01	-4.631250e-01	-4.691250e-01	
4.628906e+02	3.613281e+01	-4.646250e-01	-4.680000e-01	
4.638672e+02	3.515625e+01	-4.676250e-01	-4.717500e-01	
4.648438e+02	3.417969e+01	-4.680000e-01	-4.687500e-01	
4.658203e+02	3.320313e+01	-4.623750e-01	-4.691250e-01	
4.667969e+02	3.222656e+01	-4.665000e-01	-4.683750e-01	
4.677734e+02	3.125000e+01	-4.650000e-01	-4.706250e-01	
4.687500e+02	3.027344e+01	-4.683750e-01	-4.657500e-01	
4.697266e+02	2.929688e+01	-4.650000e-01	-4.706250e-01	
4.707031e+02	2.832031e+01	-4.661250e-01	-4.702500e-01	
4.716797e+02	2.734375e+01	-4.665000e-01	-4.702500e-01	
4.726563e+02	2.636719e+01	-4.710000e-01	-4.706250e-01	
4.736328e+02	2.539063e+01	-4.695000e-01	-4.683750e-01	
4.746094e+02	2.441406e+01	-4.657500e-01	-4.691250e-01	
4.755859e+02	2.343750e+01	-4.717500e-01	-4.702500e-01	
4.765625e+02	2.246094e+01	-4.687500e-01	-4.680000e-01	
4.775391e+02	2.148438e+01	-4.702500e-01	-4.668750e-01	
4.785156e+02	2.050781e+01	-4.661250e-01	-4.653750e-01	
4.794922e+02	1.953125e+01	-4.657500e-01	-4.713750e-01	
4.804688e+02	1.855469e+01	-5.343750e-01	-4.661250e-01	
4.814453e+02	1.757813e+01	-5.148750e-01	-4.691250e-01	
4.824219e+02	1.660156e+01	-4.976250e-01	-4.672500e-01	
4.833984e+02	1.562500e+01	-4.781250e-01	-4.717500e-01	
4.843750e+02	1.464844e+01	-4.608750e-01	-4.695000e-01	
4.853516e+02	1.367188e+01	-4.432500e-01	-4.706250e-01	
4.863281e+02	1.269531e+01	-4.230000e-01	-4.698750e-01	
4.873047e+02	1.171875e+01	-4.068750e-01	-4.698750e-01	
4.882813e+02	1.074219e+01	-3.870000e-01	-4.717500e-01	
4.892578e+02	9.765625e+00	-3.675000e-01	-4.706250e-01	
4.902344e+02	8.789063e+00	-3.480000e-01	-4.725000e-01	
4.912109e+02	7.812500e+00	-3.277500e-01	-4.713750e-01	
4.921875e+02	6.835938e+00	-3.082500e-01	-4.687500e-01	
4.931641e+02	5.859375e+00	-2.868750e-01	-4.732500e-01	
4.941406e+02	4.882813e+00	-2.688750e-01	-4.710000e-01	
4.951172e+02	3.906250e+00	-2.505000e-01	-4.706250e-01	
4.960938e+02	2.929688e+00	-2.302500e-01	-4.710000e-01	
4.970703e+02	1.953125e+00	-2.111250e-01	-4.710000e-01	
4.980469e+02	9.765625e-01	-1.908750e-01	-4.698750e-01	
4.990234e+02	0.000000e+00	-1.717500e-01	-4.710000e-01	
